Angle	Cleaned
0.00	156.74
2.00	137.54
4.00	118.66
6.00	115.69
8.00	114.85
10.00	113.81
12.00	134.59
14.00	151.44
16.00	151.45
18.00	150.03
20.00	133.27
22.00	113.01
24.00	96.43
26.00	80.44
28.00	63.80
30.00	62.59
32.00	62.19
34.00	61.63
36.00	61.50
38.00	61.30
40.00	61.22
42.00	61.04
44.00	61.02
46.00	60.91
48.00	60.90
50.00	60.81
52.00	60.82
54.00	60.82
56.00	60.83
58.00	60.76
60.00	60.85
62.00	61.10
64.00	61.28
66.00	61.50
68.00	61.65
70.00	61.95
72.00	62.09
74.00	62.50
76.00	62.89
78.00	63.50
80.00	79.81
82.00	95.44
84.00	97.36
86.00	99.29
88.00	101.21
90.00	86.75
92.00	72.98
94.00	72.63
96.00	72.43
98.00	72.09
100.00	72.28
102.00	72.53
104.00	72.81
106.00	72.93
108.00	72.95
110.00	72.83
112.00	73.71
114.00	88.39
116.00	103.30
118.00	103.84
120.00	102.32
122.00	99.19
124.00	82.16
126.00	64.96
128.00	62.03
130.00	61.22
132.00	61.10
134.00	60.90
136.00	60.71
138.00	60.61
140.00	60.51
142.00	60.41
144.00	60.50
146.00	60.59
148.00	60.76
150.00	60.94
152.00	61.14
154.00	61.24
156.00	61.19
158.00	61.39
160.00	61.83
162.00	62.20
164.00	78.17
166.00	94.69
168.00	112.66
170.00	131.20
172.00	146.97
174.00	149.88
176.00	153.06
178.00	154.52
180.00	151.94