Angle	Raw	Cleaned
0.00	47.64	47.64
2.00	51.71	48.45
4.00	160.95	71.12
6.00	163.37	94.26
8.00	155.41	115.82
10.00	141.49	134.59
12.00	143.24	152.89
14.00	145.92	149.89
16.00	140.81	145.37
18.00	151.05	144.50
20.00	140.39	144.28
22.00	151.95	146.02
24.00	141.73	145.19
26.00	153.87	147.80
28.00	149.66	147.52
30.00	165.60	152.56
32.00	155.79	153.33
34.00	150.86	155.16
36.00	140.31	152.44
38.00	55.64	133.64
40.00	55.38	111.60
42.00	53.75	91.19
44.00	53.05	71.63
46.00	52.33	54.03
48.00	51.89	53.28
50.00	51.89	52.58
52.00	51.31	52.09
54.00	51.31	51.75
56.00	51.28	51.54
58.00	50.83	51.32
60.00	50.82	51.11
62.00	51.24	51.10
64.00	50.83	51.00
66.00	50.84	50.91
68.00	50.85	50.92
70.00	50.82	50.92
72.00	50.80	50.83
74.00	50.83	50.83
76.00	50.82	50.82
78.00	50.82	50.82
80.00	50.82	50.82
82.00	51.26	50.91
84.00	51.73	51.09
86.00	51.86	51.30
88.00	51.87	51.51
90.00	52.26	51.80
92.00	52.74	52.09
94.00	52.39	52.22
96.00	53.09	52.47
98.00	53.43	52.78
100.00	55.67	53.46
102.00	55.35	53.99
104.00	148.01	73.11
106.00	143.47	91.19
108.00	165.74	113.65
110.00	145.50	131.61
112.00	162.08	152.96
114.00	151.13	153.58
116.00	49.29	134.75
118.00	49.22	111.44
120.00	48.77	92.10
122.00	47.83	69.25
124.00	47.73	48.57
126.00	47.70	48.25
128.00	47.26	47.86
130.00	46.80	47.46
132.00	47.16	47.33
134.00	47.15	47.21
136.00	46.76	47.03
138.00	46.70	46.91
140.00	47.12	46.98
142.00	46.69	46.88
144.00	46.68	46.79
146.00	46.71	46.78
148.00	47.08	46.86
150.00	46.70	46.77
152.00	47.17	46.87
154.00	46.77	46.89
156.00	47.64	47.07
158.00	47.65	47.19
160.00	47.26	47.30
162.00	47.75	47.41
164.00	48.71	47.80
166.00	48.72	48.02
168.00	50.08	48.50
170.00	51.04	49.26
172.00	81.61	56.03
174.00	86.80	63.65
176.00	84.68	70.84
178.00	89.83	78.79
180.00	97.86	88.16

--- OBJECT SUMMARY ---
Object 1:
  Angle: 2.00
  Distance: 48.45
  Width: 6.00 degrees

Object 2:
  Angle: 74.00
  Distance: 50.83
  Width: 64.00 degrees

Object 3:
  Angle: 150.00
  Distance: 46.77
  Width: 60.00 degrees

