Angle	Raw	Cleaned
0.00	156.74	156.74
2.00	60.76	137.54
4.00	62.34	118.66
6.00	141.88	115.69
8.00	152.53	114.85
10.00	151.55	113.81
12.00	164.64	134.59
14.00	146.58	151.44
16.00	141.94	151.45
18.00	145.46	150.03
20.00	67.72	133.27
22.00	63.34	113.01
24.00	63.71	96.43
26.00	61.96	80.44
28.00	62.29	63.80
30.00	61.63	62.59
32.00	61.38	62.19
34.00	60.89	61.63
36.00	61.32	61.50
38.00	61.29	61.30
40.00	61.23	61.22
42.00	60.46	61.04
44.00	60.81	61.02
46.00	60.76	60.91
48.00	61.22	60.90
50.00	60.82	60.81
52.00	60.47	60.82
54.00	60.82	60.82
56.00	60.81	60.83
58.00	60.87	60.76
60.00	61.26	60.85
62.00	61.73	61.10
64.00	61.75	61.28
66.00	61.87	61.50
68.00	61.62	61.65
70.00	62.78	61.95
72.00	62.42	62.09
74.00	63.80	62.50
76.00	63.83	62.89
78.00	64.65	63.50
80.00	144.36	79.81
82.00	140.54	95.44
84.00	73.44	97.36
86.00	73.44	99.29
88.00	74.29	101.21
90.00	72.03	86.75
92.00	71.72	72.98
94.00	71.65	72.63
96.00	72.48	72.43
98.00	72.58	72.09
100.00	72.96	72.28
102.00	73.00	72.53
104.00	73.02	72.81
106.00	73.07	72.93
108.00	72.68	72.95
110.00	72.40	72.83
112.00	77.38	73.71
114.00	146.42	88.39
116.00	147.62	103.30
118.00	75.40	103.84
120.00	64.79	102.32
122.00	61.72	99.19
124.00	61.28	82.16
126.00	61.62	64.96
128.00	60.76	62.03
130.00	60.73	61.22
132.00	61.13	61.10
134.00	60.25	60.90
136.00	60.66	60.71
138.00	60.26	60.61
140.00	60.26	60.51
142.00	60.63	60.41
144.00	60.69	60.50
146.00	61.09	60.59
148.00	61.14	60.76
150.00	61.17	60.94
152.00	61.60	61.14
154.00	61.21	61.24
156.00	60.83	61.19
158.00	62.12	61.39
160.00	63.41	61.83
162.00	63.44	62.20
164.00	141.04	78.17
166.00	143.46	94.69
168.00	151.96	112.66
170.00	156.11	131.20
172.00	142.27	146.97
174.00	155.58	149.88
176.00	159.38	153.06
178.00	159.26	154.52
180.00	143.20	151.94

--- OBJECT SUMMARY ---
Object 1:
  Angle: 54.00
  Distance: 60.82
  Width: 62.00 degrees

Object 2:
  Angle: 102.00
  Distance: 72.53
  Width: 24.00 degrees

Object 3:
  Angle: 144.00
  Distance: 60.50
  Width: 44.00 degrees

