Angle	Cleaned
0.00	47.64
2.00	48.45
4.00	71.12
6.00	94.26
8.00	115.82
10.00	134.59
12.00	152.89
14.00	149.89
16.00	145.37
18.00	144.50
20.00	144.28
22.00	146.02
24.00	145.19
26.00	147.80
28.00	147.52
30.00	152.56
32.00	153.33
34.00	155.16
36.00	152.44
38.00	133.64
40.00	111.60
42.00	91.19
44.00	71.63
46.00	54.03
48.00	53.28
50.00	52.58
52.00	52.09
54.00	51.75
56.00	51.54
58.00	51.32
60.00	51.11
62.00	51.10
64.00	51.00
66.00	50.91
68.00	50.92
70.00	50.92
72.00	50.83
74.00	50.83
76.00	50.82
78.00	50.82
80.00	50.82
82.00	50.91
84.00	51.09
86.00	51.30
88.00	51.51
90.00	51.80
92.00	52.09
94.00	52.22
96.00	52.47
98.00	52.78
100.00	53.46
102.00	53.99
104.00	73.11
106.00	91.19
108.00	113.65
110.00	131.61
112.00	152.96
114.00	153.58
116.00	134.75
118.00	111.44
120.00	92.10
122.00	69.25
124.00	48.57
126.00	48.25
128.00	47.86
130.00	47.46
132.00	47.33
134.00	47.21
136.00	47.03
138.00	46.91
140.00	46.98
142.00	46.88
144.00	46.79
146.00	46.78
148.00	46.86
150.00	46.77
152.00	46.87
154.00	46.89
156.00	47.07
158.00	47.19
160.00	47.30
162.00	47.41
164.00	47.80
166.00	48.02
168.00	48.50
170.00	49.26
172.00	56.03
174.00	63.65
176.00	70.84
178.00	78.79
180.00	88.16